workload	comm1	comm2	comm3	comm4	comm5	leslie	libq	black	face	ferret	fluid	freq	stream	swapt	MT-canneal	MT-fluid	mummer	tigr	Amean
20nm_base_bkgd	.338	.327	.356	.375	.387	.351	.320	.364	.325	.326	.359	.359	.350	.354	.323	.412	.329	.328	.344
20nm_base_act	.204	.218	.174	.145	.124	.183	.229	.162	.217	.218	.168	.169	.182	.176	.224	.089	.220	.223	.194
20nm_base_rdwr	.151	.157	.127	.106	.090	.133	.167	.118	.156	.158	.122	.123	.132	.128	.164	.067	.165	.171	.143
20nm_base_ref	.306	.296	.341	.372	.396	.331	.282	.354	.300	.296	.349	.348	.333	.340	.287	.430	.285	.276	.318
20nm_spec_bkgd	.296	.283	.323	.351	.370	.296	.278	.335	.304	.295	.332	.330	.319	.325	.277	.315	.279	.281	.299
20nm_spec_act	.204	.217	.174	.146	.125	.183	.229	.162	.216	.219	.169	.168	.182	.177	.224	.089	.219	.223	.194
20nm_spec_rdwr	.151	.157	.127	.107	.090	.134	.168	.118	.155	.158	.122	.122	.132	.129	.163	.067	.165	.171	.143
20nm_spec_ref	.264	.252	.308	.349	.381	.275	.240	.326	.281	.266	.324	.321	.303	.312	.240	.323	.235	.229	.272
20nm_norefresh_bkgd	.296	.283	.317	.340	.350	.307	.273	.324	.284	.286	.317	.325	.311	.320	.280	.349	.286	.287	.300
20nm_norefresh_act	.204	.218	.174	.145	.125	.183	.229	.161	.217	.219	.169	.169	.181	.176	.224	.089	.219	.223	.194
20nm_norefresh_rdwr	.151	.157	.127	.107	.090	.133	.167	.118	.156	.158	.122	.123	.132	.128	.164	.067	.165	.171	.143
20nm_norefresh_ref	0	0	0	0	0	0	0	0	0	0	0	0	0	0	0	0	0	0	0
20nm_ref_pr_pv_64_bkgd	.315	.301	.341	.365	.380	.321	.302	.347	.317	.310	.346	.348	.335	.341	.292	.325	.294	.294	.315
20nm_ref_pr_pv_64_act	.204	.218	.175	.146	.124	.183	.229	.162	.217	.218	.168	.169	.182	.177	.224	.089	.220	.223	.194
20nm_ref_pr_pv_64_rdwr	.151	.157	.128	.107	.090	.133	.167	.118	.155	.158	.121	.123	.132	.129	.164	.067	.165	.171	.143
20nm_ref_pr_pv_64_ref	.281	.268	.323	.360	.389	.297	.264	.336	.291	.278	.336	.337	.317	.325	.253	.329	.247	.240	.286
20nm_ref_pr_pv_default_bkgd	.308	.296	.333	.360	.373	.316	.299	.341	.309	.304	.337	.339	.329	.333	.285	.323	.289	.288	.309
20nm_ref_pr_pv_default_act	.204	.218	.174	.145	.125	.183	.229	.161	.217	.219	.169	.168	.182	.176	.224	.089	.219	.223	.194
20nm_ref_pr_pv_default_rdwr	.151	.157	.127	.107	.090	.133	.167	.118	.155	.158	.122	.122	.133	.128	.164	.067	.165	.171	.143
20nm_ref_pr_pv_default_ref	.197	.201	.238	.274	.274	.215	.192	.256	.201	.194	.231	.251	.240	.226	.181	.251	.188	.178	.209
20nm_ref_pr_pv_multi_dimm_bkgd	.308	.296	.333	.360	.373	.316	.299	.341	.309	.304	.337	.339	.329	.333	.285	.323	.289	.288	.309
20nm_ref_pr_pv_multi_dimm_act	.204	.218	.174	.145	.125	.183	.229	.161	.217	.219	.169	.168	.182	.176	.224	.089	.219	.223	.194
20nm_ref_pr_pv_multi_dimm_rdwr	.151	.157	.127	.107	.090	.133	.167	.118	.155	.158	.122	.122	.133	.128	.164	.067	.165	.171	.143
20nm_ref_pr_pv_multi_dimm_ref	.197	.201	.238	.274	.274	.215	.192	.256	.201	.194	.231	.251	.240	.226	.181	.251	.188	.178	.209
20nm_ref_pr_pv_multi_bin_bkgd	.308	.296	.333	.360	.373	.316	.299	.341	.309	.304	.337	.339	.329	.333	.285	.323	.289	.288	.309
20nm_ref_pr_pv_multi_bin_act	.204	.218	.174	.145	.125	.183	.229	.161	.217	.219	.169	.168	.182	.176	.224	.089	.219	.223	.194
20nm_ref_pr_pv_multi_bin_rdwr	.151	.157	.127	.107	.090	.133	.167	.118	.155	.158	.122	.122	.133	.128	.164	.067	.165	.171	.143
20nm_ref_pr_pv_multi_bin_ref	.197	.201	.238	.274	.274	.215	.192	.256	.201	.194	.231	.251	.240	.226	.181	.251	.188	.178	.209
20nm_ref_pr_pv_fixed_dimm_bkgd	.310	.299	.337	.362	.380	.317	.297	.347	.313	.306	.340	.346	.333	.335	.287	.325	.291	.290	.311
20nm_ref_pr_pv_fixed_dimm_act	.204	.218	.174	.145	.124	.183	.229	.162	.217	.218	.168	.169	.182	.176	.224	.089	.220	.223	.194
20nm_ref_pr_pv_fixed_dimm_rdwr	.151	.157	.127	.106	.090	.133	.167	.118	.155	.158	.122	.123	.133	.128	.164	.067	.165	.171	.143
20nm_ref_pr_pv_fixed_dimm_ref	.241	.236	.301	.357	.389	.255	.213	.331	.245	.237	.281	.334	.308	.273	.205	.275	.208	.195	.246
20nm_ref_pr_pv_fixed_bin_bkgd	.303	.291	.329	.357	.374	.307	.293	.341	.308	.301	.336	.339	.329	.329	.279	.304	.279	.280	.303
20nm_ref_pr_pv_fixed_bin_act	.204	.218	.174	.145	.125	.183	.229	.162	.216	.219	.169	.168	.182	.176	.225	.089	.219	.223	.194
20nm_ref_pr_pv_fixed_bin_rdwr	.151	.158	.127	.107	.090	.133	.167	.119	.155	.158	.122	.122	.132	.128	.164	.067	.165	.171	.143
20nm_ref_pr_pv_fixed_bin_ref	.195	.198	.241	.272	.275	.205	.188	.258	.201	.193	.231	.251	.241	.222	.178	.240	.177	.174	.205